34 224 27 66 25
18 340 38 65 10
51 287 36 42 20
08 142 36 60 14
42 297 28 34 24
19 97 37 72 10
63 275 24 83 11
49 62 26 58 6
16 219 31 31 11
48 203 34 65 14
57 55 30 51 28
14 282 36 54 6
42 121 30 36 24
8 194 39 63 13
28 125 36 83 7
61 262 30 52 6
24 264 31 67 23
56 261 24 57 26
24 13 25 25 21
23 77 29 46 27
06 149 27 57 30
50 70 28 59 11
16 252 39 68 23
62 48 27 38 21
42 303 36 69 20
12 244 38 45 28
45 16 31 64 15
51 107 22 53 25
59 87 24 63 28
15 329 39 64 9
58 90 23 41 12
34 333 33 64 28
32 353 23 69 24
37 312 29 36 25
8 275 25 81 22
26 129 28 65 25
45 98 32 76 6
38 267 22 46 24
22 161 34 46 14
64 355 34 76 28
16 194 33 81 6
52 76 33 74 7
53 335 36 70 6
61 106 23 53 15
16 208 23 49 22
43 320 22 49 8
6 292 28 52 29
13 143 39 49 30
43 82 29 69 7
38 54 25 35 26
41 163 21 52 11
59 201 31 64 12
62 85 30 69 29
50 39 28 43 6
12 250 30 78 28
12 339 25 46 20
55 329 38 31 14
13 317 32 72 23
61 96 31 44 9
13 268 25 46 23
43 364 30 47 20
34 196 30 65 15
48 284 21 71 26
54 90 32 81 25
42 17 30 40 27
26 349 23 67 20
59 122 32 58 28
05 285 39 66 13
46 302 30 43 25
35 106 30 69 9
57 128 31 75 27
47 157 35 36 17
41 193 32 55 24
6 264 30 66 9
58 292 32 78 7
50 99 34 50 17
53 205 23 46 30
39 228 27 41 23
61 217 26 74 25
56 245 24 51 30
60 234 29 71 10
34 355 28 84 7
16 84 20 50 15
52 301 20 46 17
22 141 30 68 6
11 59 23 67 17
28 258 21 49 28
28 251 32 41 12
20 195 23 67 15
32 185 38 62 11
44 317 34 82 22
34 341 29 58 19
53 364 21 75 20
26 35 36 71 14
61 71 24 49 29
60 70 25 52 23
46 157 35 72 19
35 73 31 31 14
57 145 29 67 27
63 300 23 65 25
21 336 20 83 6
53 305 31 31 21
54 339 32 58 12
36 178 28 72 17
34 63 23 80 21
62 53 22 40 30
63 330 30 56 19
61 240 26 66 15
11 98 34 61 8
8 318 25 36 7
39 148 33 31 23
49 156 23 51 20
28 291 39 65 8
53 230 34 66 30
20 318 36 81 20
39 181 22 75 17
54 206 33 38 27
36 96 32 33 14
55 337 28 56 23
61 231 39 51 10
62 282 25 73 12
14 281 31 77 17
32 154 38 40 11
48 229 39 83 15
57 333 38 62 6
39 189 28 48 25
24 226 21 59 22
64 239 21 57 21
46 227 35 53 9
28 294 29 39 26
19 311 39 66 14
30 331 33 33 28
8 217 30 58 28
48 189 32 53 29
47 268 39 47 23
24 171 22 73 29
31 299 24 52 27
47 135 22 50 7
13 204 24 60 21
57 168 26 45 23
61 212 21 72 26
41 132 28 35 21
21 299 35 75 17
26 353 34 77 22
21 257 24 37 22
41 135 30 71 15
19 287 33 81 29
40 257 23 52 12
17 184 31 55 26
25 279 33 36 21
07 138 28 52 24
7 238 30 72 23
39 272 39 79 22
10 47 22 74 25
49 50 33 50 26
19 131 26 47 14
49 68 35 40 14
7 216 22 58 29
55 168 33 73 19
26 226 28 45 21
42 35 33 60 10
61 277 20 69 7
35 192 23 38 27
09 245 30 65 19
26 93 33 53 23
22 144 23 47 22
33 342 33 70 8
55 135 39 41 30
59 180 38 43 22
19 57 20 84 24
36 58 27 32 22
35 337 39 56 17
57 179 39 69 8
59 313 24 40 28
23 181 21 33 25
32 101 27 64 20
7 225 22 72 28
21 40 39 65 12
36 147 36 72 8
61 196 21 37 22
55 319 36 77 25
29 214 27 49 8
32 238 35 37 17
25 54 33 83 14
28 116 22 54 10
61 169 22 74 21
41 296 33 48 30
62 126 25 79 25
42 269 25 69 22
64 350 36 36 14
30 329 33 79 15
61 258 20 80 29
17 328 20 82 30
5 244 33 56 7
9 304 31 75 27
63 125 23 60 11
28 262 28 63 21
44 227 33 35 30
28 294 22 69 23
53 54 32 60 19
47 238 35 65 7
36 122 36 49 29
32 151 20 38 11
39 320 25 46 15
32 217 36 53 10
64 236 20 63 6
37 122 26 40 27
64 108 38 66 8
8 221 21 58 24
61 87 29 33 17
14 172 33 67 15
7 66 20 73 28
35 77 21 36 26
9 250 33 58 10
37 295 28 47 10
41 298 36 68 24
22 305 32 56 25
60 224 22 45 23
33 185 34 44 7
36 206 25 35 15
53 238 28 50 6
54 327 38 49 15
53 53 26 36 14
28 83 26 64 20
30 250 33 82 25
29 319 32 53 23
32 330 24 77 10
24 168 31 36 17
39 292 25 69 29
9 349 30 61 7
39 238 28 40 25
33 78 24 33 10
22 244 24 67 23
38 283 30 54 23
9 255 28 35 22
45 310 33 53 23
14 215 36 75 21
7 152 38 72 12
34 313 22 68 7
32 158 31 47 11
34 294 21 62 7
14 58 28 50 25
45 277 30 48 14
13 238 25 64 20
60 155 26 69 14
25 171 21 81 28
5 293 20 69 29
64 180 35 67 17
44 247 34 33 24
55 91 28 66 30
42 266 32 61 12
17 205 35 33 12
33 140 36 41 10
36 77 23 79 24
8 350 30 76 27
41 83 26 52 11
55 353 38 61 14
47 186 24 55 27
41 334 29 75 9
46 303 36 65 27
46 203 32 46 30
25 134 25 69 25
61 230 38 38 6
49 303 23 51 6
61 63 28 77 23
11 165 36 77 22
22 263 31 47 9
43 324 20 31 7
38 159 35 50 27
10 215 24 74 9
9 275 25 57 27
7 135 39 46 17
30 93 29 52 17
29 57 26 68 24
5 275 25 44 11
36 342 28 77 21
15 127 28 43 24
60 318 22 74 7
7 71 24 52 21
64 243 21 56 22
43 309 32 79 8
44 275 28 83 22
9 141 34 45 11
38 92 31 36 17
34 171 22 56 19
28 155 26 54 7
45 238 28 54 6
20 192 25 33 15
14 174 32 52 29
38 163 24 80 10
36 91 20 65 20
9 242 20 53 27
15 295 26 41 25
25 51 33 54 7
60 199 28 75 7
5 311 26 57 26
42 333 26 54 22
8 197 23 83 15
47 204 36 66 11
19 349 27 45 26
5 127 34 41 15
9 289 26 56 18
03 83 21 73 13
7 200 35 25 7
8 354 31 65 22
6 312 28 30 9
10 77 37 22 17
02 205 30 38 12
01 142 38 64 6
04 93 33 21 20
7 234 25 66 10
6 152 23 33 28
5 346 36 55 11
9 191 23 22 29
3 59 33 41 8
10 173 21 33 30
8 92 38 56 26
4 305 26 51 5
1 261 34 69 27
2 47 24 55 16
5 187 37 72 25
9 331 27 76 14
6 132 28 44 21
03 57 39 24 19
10 118 39 25 23
07 212 38 35 30
08 309 30 71 29
01 175 26 56 12
04 298 36 25 13
02 64 24 22 6
05 223 39 79 18
06 328 29 74 30
03 99 20 68 24
10 242 25 49 7
08 191 30 24 29
07 345 33 62 10
09 82 36 66 8
04 295 31 59 26
01 297 40 80 20
02 108 22 45 15
05 48 21 53 16
03 194 20 56 29
06 115 22 76 11
10 211 28 84 27
09 342 40 79 19
08 273 37 35 17
07 63 35 72 22
01 113 38 53 28
04 196 32 56 25

